Lambda: -10.00, Intercambios: 0, Solucion: -4.238066e-04 -9.111842e-04 -1.460367e-03 -2.076020e-03 -2.763002e-03 -3.526409e-03 -4.371590e-03 -5.304161e-03 -6.330023e-03 9.254463e-02 
Lambda:  -9.50, Intercambios: 0, Solucion: -4.515113e-04 -9.743138e-04 -1.566740e-03 -2.234315e-03 -2.982814e-03 -3.818302e-03 -4.747166e-03 -5.776132e-03 -6.912277e-03 9.710011e-02 
Lambda:  -9.00, Intercambios: 0, Solucion: -4.818514e-04 -1.044011e-03 -1.684993e-03 -2.411391e-03 -3.230120e-03 -4.148463e-03 -5.174112e-03 -6.315187e-03 -7.580257e-03 1.021327e-01 
Lambda:  -8.50, Intercambios: 0, Solucion: -5.151287e-04 -1.121163e-03 -1.816913e-03 -2.610320e-03 -3.509731e-03 -4.523975e-03 -5.662399e-03 -6.934903e-03 -8.351968e-03 1.077224e-01 
Lambda:  -8.00, Intercambios: 0, Solucion: -5.516739e-04 -1.206787e-03 -1.964620e-03 -2.834819e-03 -3.827563e-03 -4.953658e-03 -6.224583e-03 -7.652538e-03 -9.250480e-03 1.139678e-01 
Lambda:  -7.50, Intercambios: 0, Solucion: -5.918422e-04 -1.302053e-03 -2.130632e-03 -3.089416e-03 -4.190953e-03 -5.448613e-03 -6.876660e-03 -8.490308e-03 -1.030578e-02 1.209930e-01 
Lambda:  -7.00, Intercambios: 0, Solucion: -6.360025e-04 -1.408291e-03 -2.317948e-03 -3.379665e-03 -4.609091e-03 -6.022982e-03 -7.639289e-03 -9.477246e-03 -1.155744e-02 1.289552e-01 
Lambda:  -6.50, Intercambios: 0, Solucion: -6.845143e-04 -1.526993e-03 -2.530138e-03 -3.712416e-03 -5.093611e-03 -6.695013e-03 -8.539552e-03 -1.065192e-02 -1.305866e-02 1.380578e-01 
Lambda:  -6.00, Intercambios: 0, Solucion: -7.376835e-04 -1.659788e-03 -2.771436e-03 -4.096178e-03 -5.659403e-03 -7.488602e-03 -9.613557e-03 -1.206651e-02 -1.488235e-02 1.485679e-01 
Lambda:  -5.50, Intercambios: 0, Solucion: -7.956807e-04 -1.808365e-03 -3.046821e-03 -4.541571e-03 -6.325764e-03 -8.435557e-03 -1.091038e-02 -1.379323e-02 -1.713088e-02 1.608440e-01 
Lambda:  -5.00, Intercambios: 0, Solucion: -8.583909e-04 -1.974299e-03 -3.362031e-03 -5.061884e-03 -7.118019e-03 -9.579006e-03 -1.249825e-02 -1.593443e-02 -1.995188e-02 1.753789e-01 
Lambda:  -4.50, Intercambios: 0, Solucion: -9.251398e-04 -2.158660e-03 -3.723402e-03 -5.673726e-03 -8.069846e-03 -1.097867e-02 -1.447447e-02 -1.863962e-02 -2.356526e-02 1.928701e-01 
Lambda:  -4.00, Intercambios: 0, Solucion: -9.941896e-04 -2.361200e-03 -4.137279e-03 -6.397615e-03 -9.226612e-03 -1.271922e-02 -1.698212e-02 -2.213494e-02 -2.831156e-02 2.143385e-01 
Lambda:  -3.50, Intercambios: 0, Solucion: -1.061803e-03 -2.578665e-03 -4.608370e-03 -7.258063e-03 -1.065004e-02 -1.492403e-02 -2.023940e-02 -2.677739e-02 -3.474362e-02 2.413435e-01 
Lambda:  -3.00, Intercambios: 0, Solucion: -1.120484e-03 -2.801209e-03 -5.135550e-03 -8.281722e-03 -1.242427e-02 -1.777836e-02 -2.459409e-02 -3.316119e-02 -4.381411e-02 2.763956e-01 
Lambda:  -2.50, Intercambios: 0, Solucion: -1.155644e-03 -3.004673e-03 -5.701175e-03 -9.489118e-03 -1.466152e-02 -2.156945e-02 -3.063157e-02 -4.234480e-02 -5.729637e-02 3.238227e-01 
Lambda:  -2.00, Intercambios: 0, Solucion: -1.139442e-03 -3.133466e-03 -6.243194e-03 -1.086525e-02 -1.749640e-02 -2.675524e-02 -3.940678e-02 -5.639074e-02 -7.885445e-02 3.918091e-01 
Lambda:  -1.50, Intercambios: 0, Solucion: -1.020773e-03 -3.062319e-03 -6.578316e-03 -1.225558e-02 -2.101217e-02 -3.406171e-02 -5.299089e-02 -7.985362e-02 -1.172852e-01 4.980266e-01 
Lambda:  -1.00, Intercambios: 0, Solucion: -7.199866e-04 -2.519953e-03 -6.179885e-03 -1.296476e-02 -2.477379e-02 -4.439723e-02 -7.585765e-02 -1.248608e-01 -1.993870e-01 6.895392e-01 
Lambda:  -0.50, Intercambios: 0, Solucion: -2.183436e-04 -1.091718e-03 -3.639061e-03 -1.003168e-02 -2.456487e-02 -5.533079e-02 -1.169916e-01 -2.352758e-01 -4.541291e-01 1.153104e+00 
Lambda:   0.00, Intercambios: 0, Solucion: 0.000000e+00 -2.960595e-16 3.996803e-16 -1.015061e-15 9.251859e-16 3.996803e-15 -7.113968e-15 5.210647e-15 -4.736842e+00 5.263158e+00 
Lambda:   0.50, Intercambios: 6, Solucion: -4.123121e+00 4.123121e+00 2.748747e+00 -1.145311e+00 -3.183965e+00 -2.628108e+00 -6.002158e-01 1.464692e+00 2.614909e+00 5.700294e-01 
Lambda:   1.00, Intercambios: 7, Solucion: -1.839089e+00 -9.195446e-01 1.532574e-01 8.301444e-01 1.026186e+00 8.476626e-01 4.566063e-01 4.667816e-03 -3.947406e-01 -1.673169e+00 
Lambda:   1.50, Intercambios: 4, Solucion: -6.941941e-01 -6.941941e-01 -4.627961e-01 -1.671208e-01 1.015580e-01 2.994176e-01 4.124345e-01 4.445199e-01 4.094174e-01 -3.414401e-01 
Lambda:   2.00, Intercambios: 3, Solucion: 5.104744e-01 6.380930e-01 5.849186e-01 4.355871e-01 2.472721e-01 5.765528e-02 -1.098362e-01 -2.421827e-01 -3.338407e-01 -8.844824e-01 
Lambda:   2.50, Intercambios: 3, Solucion: 1.298638e-01 1.818094e-01 1.904669e-01 1.711317e-01 1.351911e-01 9.108529e-02 4.494172e-02 1.058864e-03 -3.770738e-02 -4.696284e-01 
Lambda:   3.00, Intercambios: 3, Solucion: 7.361193e-02 1.104179e-01 1.247313e-01 1.229706e-01 1.101935e-01 9.039579e-02 6.670479e-02 4.152997e-02 1.668552e-02 -3.398395e-01 
Lambda:   3.50, Intercambios: 2, Solucion: 5.533758e-02 8.695906e-02 1.031462e-01 1.076009e-01 1.033515e-01 9.288959e-02 7.825610e-02 6.110844e-02 4.277601e-02 -2.614065e-01 
Lambda:   4.00, Intercambios: 2, Solucion: 4.965748e-02 8.069340e-02 9.905633e-02 1.073703e-01 1.078402e-01 1.023318e-01 9.242134e-02 7.943336e-02 6.447271e-02 -2.015481e-01 
Lambda:   4.50, Intercambios: 2, Solucion: 5.234609e-02 8.724349e-02 1.098622e-01 1.224401e-01 1.268956e-01 1.248862e-01 1.178437e-01 1.070010e-01 9.341425e-02 -1.442395e-01 
Lambda:   5.00, Intercambios: 2, Solucion: 6.896099e-02 1.172337e-01 1.505648e-01 1.713872e-01 1.818189e-01 1.837194e-01 1.787226e-01 1.682610e-01 1.535864e-01 -6.421234e-02 
Lambda:   5.50, Intercambios: 1, Solucion: 1.666134e-01 2.877867e-01 3.754538e-01 4.345453e-01 4.694076e-01 4.839056e-01 4.814803e-01 4.651920e-01 4.377556e-01 2.197533e-01 
Lambda:   6.00, Intercambios: 0, Solucion: -1.508368e-01 -2.639643e-01 -3.488100e-01 -4.091709e-01 -4.484284e-01 -4.696205e-01 -4.754814e-01 -4.684704e-01 -4.507954e-01 -5.911007e-01 
Lambda:   6.50, Intercambios: 0, Solucion: -4.243073e-02 -7.506975e-02 -1.002604e-01 -1.189221e-01 -1.318808e-01 -1.398848e-01 -1.436136e-01 -1.436841e-01 -1.406556e-01 -2.888804e-01 
Lambda:   7.00, Intercambios: 0, Solucion: -2.225028e-02 -3.973265e-02 -5.354447e-02 -6.410516e-02 -7.179408e-02 -7.695752e-02 -7.991229e-02 -8.094820e-02 -8.033018e-02 -2.211571e-01 
Lambda:   7.50, Intercambios: 0, Solucion: -1.411313e-02 -2.540364e-02 -3.449877e-02 -4.163199e-02 -4.701582e-02 -5.084542e-02 -5.330048e-02 -5.454647e-02 -5.473567e-02 -1.873414e-01 
Lambda:   8.00, Intercambios: 0, Solucion: -9.863503e-03 -1.787760e-02 -2.444042e-02 -2.969633e-02 -3.377740e-02 -3.680560e-02 -3.889384e-02 -4.014667e-02 -4.066091e-02 -1.655261e-01 
Lambda:   8.50, Intercambios: 0, Solucion: -7.321276e-03 -1.335056e-02 -1.835808e-02 -2.243928e-02 -2.568192e-02 -2.816740e-02 -2.997146e-02 -3.116455e-02 -3.181226e-02 -1.496226e-01 
Lambda:   9.00, Intercambios: 0, Solucion: -5.665143e-03 -1.038610e-02 -1.435519e-02 -1.763865e-02 -2.029759e-02 -2.238896e-02 -2.396595e-02 -2.507826e-02 -2.577235e-02 -1.372027e-01 
Lambda:   9.50, Intercambios: 0, Solucion: -4.520529e-03 -8.327290e-03 -1.156220e-02 -1.427290e-02 -1.650352e-02 -1.829533e-02 -1.968701e-02 -2.071485e-02 -2.141293e-02 -1.270763e-01 
Lambda:  10.00, Intercambios: 0, Solucion: -3.694050e-03 -6.833993e-03 -9.527571e-03 -1.181006e-02 -1.371424e-02 -1.527088e-02 -1.650890e-02 -1.745554e-02 -1.813644e-02 -1.185757e-01 
