3 7.781512503836436334125892244629e-01
4 1.255272505103306013296560195158e+00
5 1.726998727936262412185897119343e+00
6 2.273001272063737587814102880657e+00
7 2.799340549453582127625850262120e+00
8 3.312640375790183444593139938661e+00
9 3.816479930623699168279472360155e+00
10 4.313059131552912539575572736794e+00
11 4.803848947015360693058028118685e+00
12 5.289892388266927092388414166635e+00
13 5.771961512177817610336205689237e+00
14 6.250646864011384806758542254101e+00
15 6.746615363922995101120250183158e+00
16 7.254809931427967484296459588222e+00
17 7.757958941354904602860642626183e+00
18 8.256742800090552947267497074790e+00
19 8.751708195556140879034501267597e+00
20 9.243301732493346634100817027502e+00
21 9.731893483355223750663753889967e+00
22 1.021779390705408729900227626786e+01
23 1.070126630044435245281420066021e+01
24 1.118784828966781397241447848501e+01
25 1.169082716095563334590679005487e+01
26 1.219070350758423337822478060843e+01
27 1.268775557177294999178229772951e+01
28 1.318222573873407199585017224308e+01
29 1.367431612405337837401475553634e+01
30 1.416423374984875493964864290319e+01
31 1.465212257784509475300183112267e+01
32 1.513807417669990229569521034136e+01
33 1.562200462423079194707042915979e+01
34 1.611942048237290947554356534965e+01
35 1.662597820059407993653621815611e+01
36 1.711472124179120868348036310636e+01
37 1.760647671987416629235667642206e+01
38 1.799502300535714383045160502661e+01
39 1.860011147289530697435111505911e+01
40 1.859589510765596642727359721903e+01
41 1.867678249208324814389925450087e+01
42 1.865760709719381083004918764345e+01
43 -inf
44 1.904016986403790667736757313833e+01
45 -inf
46 1.990997908291341644826388801448e+01
47 1.908898356698400178288466122467e+01
48 1.899930164997488901690303464420e+01
49 -inf
50 -inf
51 -inf
52 -inf
53 -inf
54 -inf
55 -inf
56 -inf
57 -inf
58 -inf
59 -inf
60 -inf
61 -inf
62 -inf
63 -inf
64 1.933708083556427226312735001557e+01
65 -inf
66 -inf
67 -inf
68 -inf
69 -inf
70 -inf
71 -inf
72 -inf
73 -inf
74 -inf
75 -inf
76 -inf
77 -inf
78 -inf
79 -inf
80 -inf
81 -inf
82 -inf
83 -inf
84 -inf
85 -inf
86 -inf
87 -inf
88 -inf
89 -inf
90 -inf
91 -inf
92 -inf
93 -inf
94 -inf
95 -inf
96 -inf
97 -inf
98 -inf
99 -inf
100 -inf
101 -inf
102 -inf
103 -inf
